10
0 0 4
1 31 1
2 34 5
3 42 2
4 9 1
5 2 5
6 4 3
7 46 3
8 10 2
9 44 1
10 26 1
11 36 1
12 27 2
13 3 4
14 16 2
15 13 1
16 7 5
17 34 1
18 24 3
19 18 4
20 42 2
21 42 4
22 36 3
23 15 2
24 20 3
25 0 3
26 0 1
27 11 3
28 16 5
29 39 1
30 1 4
31 2 3
32 45 3
33 21 4
34 27 5
35 4 1
36 25 2
37 6 5
38 0 1
39 0 2
40 5 1
41 38 1
42 12 2
43 37 4
44 49 4
45 49 2
46 8 2
47 7 1
48 4 3
49 5 2
50 37 5
51 12 1
52 38 4
53 48 2
54 23 1
55 37 3
56 5 4
57 37 4
58 7 1
59 4 1
60 42 2
61 8 4
62 22 1
63 25 5
64 43 5
65 31 3
66 37 5
67 28 3
68 39 2
69 20 1
70 47 5
71 43 4
72 27 1
73 38 5
74 15 3
75 28 1
76 20 3
77 38 4
78 22 2
79 31 2
80 24 2
81 26 2
82 38 3
83 19 1
84 34 4
85 34 4
86 19 1
87 37 1
88 46 3
89 46 5
90 22 5
91 35 2
92 21 4
93 20 4
94 38 5
95 25 2
96 43 2
97 0 4
98 39 1
99 16 3
100 0 1
101 6 1
102 15 5
103 32 1
104 17 4
105 23 5
106 50 1
107 7 1
108 46 3
109 25 1
110 17 1
111 9 3
112 10 3
113 39 2
114 15 2
115 3 5
116 27 2
117 13 1
118 14 5
119 24 2
120 5 1
121 49 1
122 22 1
123 40 3
124 31 2
125 0 2
126 1 4
127 37 2
128 1 3
129 46 1
130 45 4
131 32 4
132 25 2
133 47 5
134 46 2
135 10 5
136 39 4
137 30 2
138 1 5
139 28 1
140 31 1
141 13 4
142 35 3
143 10 1
144 4 5
145 28 2
146 21 4
147 41 1
148 9 4
149 40 4
150 19 3
151 48 4
152 34 5
153 2 4
154 21 4
155 22 4
156 44 2
157 10 2
158 4 2
159 47 5
160 13 1
161 11 2
162 44 2
163 17 2
164 3 3
165 44 3
166 28 5
167 3 3
168 40 2
169 23 1
170 24 5
171 25 3
172 30 2
173 47 4
174 16 1
175 49 1
176 25 3
177 0 1
178 4 5
179 41 4
180 43 2
181 5 5
182 14 4
183 41 4
184 38 3
185 40 3
186 41 2
187 31 4
188 15 4
189 14 4
190 19 5
191 32 1
192 18 4
193 31 3
194 37 1
195 18 4
196 10 4
197 11 4
198 18 3
199 9 2
200 23 1
201 38 5
202 49 5
203 20 1
204 17 4
205 49 2
206 7 4
207 33 3
208 1 1
209 20 5
210 11 4
211 47 4
212 50 5
213 14 4
214 25 1
215 50 5
216 18 1
217 9 2
218 8 4
219 29 5
220 19 3
221 44 1
222 23 4
223 15 4
224 7 4
225 14 3
226 3 1
227 1 1
228 36 1
229 20 4
230 18 1
231 25 4
232 5 3
233 27 1
234 16 5
235 19 3
236 30 1
237 6 4
238 10 5
239 1 5
240 39 2
241 43 5
242 31 1
243 22 4
244 37 5
