8
0 138 3
1 125 3
2 102 5
3 57 5
4 125 3
5 58 1
6 144 4
7 74 3
8 101 5
9 104 3
10 131 3
11 51 4
12 55 1
13 102 5
14 118 4
15 58 5
16 116 4
17 79 5
18 130 4
19 131 5
20 129 5
21 113 2
22 140 5
23 93 2
24 110 1
25 87 5
26 122 4
27 87 3
28 81 4
29 149 1
30 66 4
31 84 3
32 66 3
33 84 1
34 83 4
35 143 1
36 62 2
37 89 3
38 88 4
39 101 4
40 66 4
41 98 1
42 144 1
43 137 2
44 61 1
45 100 3
46 85 3
47 107 3
48 68 2
49 126 2
50 93 2
51 126 4
52 84 5
53 113 2
54 121 4
55 68 4
56 108 1
57 126 3
58 148 5
59 117 2
60 120 5
61 63 4
62 71 1
63 57 5
64 62 5
65 56 4
66 63 3
67 145 4
68 78 2
69 72 5
70 147 2
71 124 1
72 105 3
73 79 5
74 90 1
75 88 5
76 98 1
77 126 4
78 126 3
79 55 1
80 78 2
81 68 3
82 91 4
83 109 4
84 79 3
85 104 4
86 135 3
87 139 5
88 64 5
89 124 3
90 116 3
91 99 4
92 149 1
93 136 1
94 109 1
95 53 4
96 117 2
97 127 1
98 95 1
99 84 3
