8
0 59 1
1 104 1
2 133 2
3 72 2
4 145 3
5 103 4
6 104 2
7 89 4
8 82 5
9 135 2
10 52 4
11 65 2
12 100 5
13 79 5
14 72 5
15 66 5
16 65 2
17 109 1
18 120 1
19 60 3
20 88 3
21 72 3
22 148 1
23 89 5
24 82 4
25 53 4
26 103 2
27 105 5
28 86 1
29 71 5
30 87 2
31 128 4
32 52 4
33 75 3
34 145 2
35 96 3
36 114 1
37 80 2
38 138 5
39 66 5
40 83 2
41 115 2
42 93 5
43 126 2
44 119 1
45 53 3
46 144 1
47 90 2
48 70 4
49 116 5
50 112 4
51 51 2
52 141 4
53 95 3
54 148 4
55 51 1
56 95 1
57 105 5
58 84 3
59 94 2
60 55 2
61 101 1
62 67 1
63 134 5
64 122 1
65 118 5
66 96 5
67 111 5
68 92 1
69 131 4
70 57 2
71 124 5
72 150 2
73 86 4
74 90 5
75 123 1
76 94 1
77 109 4
78 106 3
79 109 3
80 136 1
81 105 4
82 77 2
83 149 2
84 97 4
85 139 4
86 139 1
87 124 3
88 91 4
89 144 5
90 136 3
91 63 1
92 55 2
93 103 2
94 52 1
95 109 3
96 127 2
97 94 2
98 65 4
99 133 4
