16
0 46 3
1 14 4
2 72 2
3 50 3
4 16 4
5 1 1
6 4 1
7 53 3
8 28 2
9 43 3
10 7 4
11 88 3
12 27 3
13 18 1
14 58 5
15 33 2
16 44 3
17 14 2
18 58 2
19 60 3
20 32 1
21 61 2
22 40 1
23 9 4
24 47 3
25 13 2
26 70 2
27 69 5
28 81 5
29 10 1
30 66 2
31 66 2
32 95 1
33 86 4
34 92 3
35 67 3
36 90 3
37 82 2
38 64 1
39 1 1
40 46 3
41 61 2
42 82 5
43 94 3
44 11 1
45 86 4
46 31 3
47 64 2
48 2 1
49 62 3
50 44 4
51 33 4
52 82 4
53 31 3
54 71 2
55 37 2
56 48 5
57 7 4
58 9 4
59 95 5
60 61 2
61 49 2
62 7 1
63 10 2
64 68 2
65 36 4
66 23 2
67 33 5
68 44 3
69 72 4
70 11 5
71 49 3
72 83 2
73 27 1
74 33 2
75 18 1
76 67 4
77 34 5
78 60 1
79 14 2
80 28 1
81 81 2
82 32 4
83 86 4
84 60 5
85 86 3
86 65 3
87 89 3
88 1 4
89 20 1
90 20 2
91 15 4
92 43 2
93 6 1
94 18 3
95 63 2
96 7 5
97 32 1
98 68 2
99 70 1
100 98 1
101 16 1
102 26 5
103 64 3
104 8 5
105 53 3
106 1 4
107 27 5
108 65 5
109 9 4
110 43 2
111 50 3
112 98 2
113 50 5
114 20 2
115 19 3
116 27 1
117 72 2
118 75 1
119 27 4
120 1 5
121 55 5
122 71 4
123 64 2
124 62 4
125 69 3
126 46 3
127 59 5
128 65 3
129 44 5
130 94 5
131 85 4
132 41 2
133 62 1
134 21 5
135 40 3
136 90 4
137 41 4
138 85 4
139 94 1
140 73 3
141 49 5
142 53 5
143 73 4
144 70 3
145 50 4
146 40 1
147 34 2
148 31 2
149 93 5
150 54 1
151 14 5
152 62 2
153 54 5
154 87 5
155 61 4
156 94 3
157 36 4
158 4 3
159 43 5
160 53 5
161 59 3
162 84 2
163 5 4
164 20 5
165 9 4
166 8 3
167 26 1
168 85 3
169 41 3
170 3 3
171 34 1
172 42 3
173 92 3
174 41 4
175 83 4
176 25 5
177 85 2
178 79 3
179 80 5
180 85 2
181 38 5
182 47 2
183 84 5
184 24 5
185 28 4
186 79 5
187 71 1
188 45 1
189 44 3
190 35 1
191 96 2
192 85 2
193 29 5
194 32 5
195 72 2
196 98 2
197 17 2
198 54 5
199 9 1
