16
0 38 2
1 94 4
2 99 5
3 62 5
4 5 4
5 55 1
6 91 1
7 70 1
8 16 2
9 60 5
10 84 1
11 93 1
12 51 4
13 69 3
14 52 2
15 46 1
16 84 1
17 96 2
18 73 2
19 12 2
20 7 3
21 21 4
22 10 4
23 72 3
24 31 2
25 27 2
26 80 4
27 69 2
28 20 4
29 14 3
30 100 5
31 26 5
32 78 2
33 79 5
34 51 5
35 87 1
36 73 2
37 13 3
38 56 5
39 94 1
40 63 1
41 14 5
42 53 3
43 39 2
44 43 1
45 82 4
46 39 4
47 99 3
48 76 1
49 8 1
50 67 5
51 52 5
52 81 1
53 23 5
54 88 1
55 34 3
56 56 3
57 90 1
58 98 5
59 99 4
60 19 3
61 92 3
62 68 5
63 87 4
64 10 2
65 59 2
66 78 1
67 92 2
68 78 5
69 73 5
70 25 1
71 85 1
72 83 3
73 13 1
74 100 4
75 52 1
76 37 1
77 18 4
78 30 5
79 18 1
80 98 2
81 94 2
82 8 2
83 24 4
84 10 1
85 47 4
86 48 4
87 74 3
88 14 5
89 41 3
90 87 2
91 26 1
92 42 3
93 5 4
94 90 5
95 48 3
96 95 3
97 20 5
98 25 1
99 62 4
100 76 4
101 8 1
102 68 4
103 48 2
104 38 2
105 86 4
106 100 2
107 85 1
108 74 4
109 91 2
110 81 3
111 59 5
112 59 5
113 66 1
114 42 5
115 21 5
116 85 4
117 13 1
118 13 3
119 1 3
120 30 2
121 36 1
122 53 1
123 30 1
124 78 1
125 51 4
126 91 4
127 5 3
128 23 1
129 90 2
130 63 2
131 72 1
132 89 4
133 54 1
134 76 3
135 7 1
136 62 4
137 40 3
138 17 3
139 34 1
140 82 5
141 54 2
142 50 4
143 58 5
144 73 1
145 94 5
146 84 1
147 93 1
148 68 3
149 84 5
150 100 4
151 47 3
152 76 3
153 23 3
154 2 4
155 15 4
156 8 4
157 35 3
158 70 5
159 23 2
160 21 1
161 95 1
162 35 4
163 25 5
164 93 3
165 17 1
166 11 3
167 20 1
168 67 4
169 36 3
170 77 1
171 88 2
172 9 5
173 45 5
174 61 5
175 99 2
176 55 1
177 68 1
178 61 5
179 59 3
180 31 5
181 98 4
182 44 3
183 86 4
184 91 1
185 58 5
186 28 1
187 7 2
188 17 5
189 41 1
190 85 3
191 14 5
192 8 3
193 12 3
194 29 2
195 8 2
196 33 4
197 91 1
198 61 2
199 92 1
