20
0 2 1
1 60 5
2 8 5
3 2 4
4 26 2
5 59 3
6 33 5
7 20 4
8 37 3
9 21 2
10 11 4
11 51 1
12 12 1
13 16 2
14 1 3
15 27 5
16 53 2
17 42 5
18 20 3
19 50 4
20 43 1
21 56 2
22 59 4
23 4 4
24 5 2
25 33 4
26 50 3
27 48 2
28 26 4
29 12 3
30 53 2
31 17 2
32 60 1
33 28 5
34 12 4
35 53 5
36 34 4
37 36 2
38 60 1
39 17 3
40 55 4
41 40 5
42 41 1
43 37 1
44 14 3
45 39 2
46 53 5
47 39 4
48 46 5
49 46 2
50 16 2
51 33 4
52 2 5
53 14 1
54 21 4
55 7 4
56 37 5
57 57 2
58 16 5
59 23 5
60 15 2
61 5 1
62 49 1
63 6 1
64 58 2
65 57 5
66 5 2
67 42 1
68 35 1
69 31 1
70 29 3
71 57 5
72 22 4
73 40 4
74 4 5
75 47 4
76 3 2
77 47 3
78 2 1
79 52 3
80 42 2
81 15 5
82 45 2
83 8 1
84 22 2
85 10 4
86 18 5
87 56 3
88 5 5
89 34 2
90 3 1
91 53 4
92 3 4
93 6 3
94 22 3
95 6 3
96 16 3
97 24 5
98 57 2
99 11 2
100 34 2
101 17 2
102 45 4
103 18 2
104 57 2
105 14 2
106 18 5
107 23 1
108 50 4
109 56 2
110 2 4
111 55 3
112 3 2
113 14 1
114 1 3
115 37 2
116 30 2
117 43 5
118 54 3
119 50 4
120 8 1
121 6 3
122 42 5
123 19 4
124 34 3
125 15 4
126 44 1
127 40 2
128 9 5
129 16 2
130 55 2
131 9 3
132 8 4
133 46 4
134 36 4
135 6 4
136 21 3
137 14 3
138 37 2
139 17 2
