20
0 5 3
1 8 1
2 40 2
3 30 1
4 24 2
5 35 3
6 56 5
7 21 2
8 29 5
9 35 3
10 5 5
11 22 2
12 56 5
13 39 3
14 45 5
15 37 2
16 60 2
17 52 4
18 35 3
19 41 5
20 45 1
21 2 1
22 26 1
23 45 5
24 49 4
25 3 4
26 25 3
27 15 4
28 31 5
29 25 3
30 6 2
31 60 4
32 49 1
33 58 2
34 50 3
35 15 4
36 59 5
37 28 5
38 40 3
39 13 5
40 19 2
41 26 5
42 7 2
43 47 3
44 12 5
45 42 1
46 27 4
47 46 5
48 24 4
49 35 1
50 34 1
51 3 3
52 42 4
53 19 2
54 11 2
55 60 3
56 57 1
57 8 2
58 7 4
59 55 2
60 29 5
61 20 2
62 1 5
63 45 3
64 17 5
65 37 5
66 19 4
67 26 1
68 21 5
69 36 3
70 31 4
71 54 1
72 38 4
73 59 2
74 36 3
75 6 5
76 58 4
77 19 4
78 56 4
79 11 5
80 32 2
81 46 4
82 50 4
83 53 1
84 45 2
85 40 2
86 59 4
87 29 2
88 27 1
89 19 5
90 34 2
91 45 1
92 47 3
93 16 1
94 44 3
95 44 3
96 20 2
97 4 5
98 44 4
99 3 3
100 14 4
101 49 2
102 53 5
103 28 3
104 44 5
105 41 4
106 33 2
107 24 1
108 7 1
109 1 2
110 22 2
111 39 1
112 35 3
113 45 1
114 50 1
115 11 4
116 3 2
117 5 3
118 47 4
119 10 2
120 25 4
121 55 4
122 34 1
123 8 1
124 56 5
125 25 3
126 58 3
127 48 3
128 36 1
129 21 5
130 4 5
131 29 4
132 15 5
133 13 1
134 19 1
135 50 2
136 46 5
137 6 2
138 21 4
139 44 1
