10
0 58 5
1 104 4
2 45 4
3 101 4
4 33 2
5 98 4
6 30 3
7 74 1
8 37 1
9 28 1
10 74 2
11 44 5
12 44 3
13 54 2
14 45 2
15 63 4
16 44 1
17 110 3
18 119 4
19 22 1
20 88 1
21 72 3
22 103 3
23 68 4
24 47 4
25 48 5
26 34 5
27 57 2
28 108 5
29 88 1
30 62 2
31 35 2
32 118 4
33 106 5
34 41 3
35 64 3
36 96 4
37 111 1
38 118 2
39 49 3
40 47 4
41 66 3
42 109 1
43 108 1
44 59 3
45 27 3
46 71 5
47 39 2
48 79 1
49 44 4
50 88 1
51 29 1
52 21 2
53 77 3
54 69 1
55 24 5
56 111 5
57 47 1
58 49 4
59 29 2
60 29 1
61 34 4
62 30 3
63 24 4
64 94 3
65 49 5
66 108 5
67 97 1
68 90 5
69 27 4
70 105 5
71 37 4
72 99 5
73 88 2
74 80 3
75 98 2
76 41 2
77 60 3
78 72 4
79 72 2
80 57 4
81 86 4
82 50 2
83 104 1
84 54 2
85 100 2
86 89 4
87 80 4
88 30 4
89 99 4
90 63 4
91 93 4
92 67 5
93 45 1
94 97 3
95 30 4
96 45 1
97 30 5
98 62 2
99 43 4
100 95 4
101 99 5
102 101 3
103 24 5
104 30 5
105 109 3
106 34 4
107 120 3
108 113 2
109 91 5
110 51 5
111 113 2
112 111 2
113 72 2
114 25 3
115 79 4
116 92 3
117 61 4
118 54 2
119 60 3
120 57 5
121 114 4
122 26 4
123 41 3
124 82 1
125 81 2
126 64 2
127 95 1
128 72 5
129 51 5
130 81 1
131 81 4
132 88 1
133 107 2
134 56 1
135 55 3
136 71 4
137 112 1
138 35 2
139 53 3
140 32 4
141 21 1
142 26 3
143 83 4
144 64 5
145 68 3
146 118 3
147 71 4
148 92 2
149 32 5
150 56 3
151 32 4
152 109 4
153 108 4
154 119 4
155 57 2
156 100 2
157 107 4
158 59 1
159 99 4
160 43 5
161 21 2
162 45 4
163 114 2
164 94 5
165 110 2
166 107 2
167 98 2
168 48 2
169 59 4
170 66 2
171 115 1
172 75 3
173 106 2
174 48 2
175 89 4
176 48 5
177 33 5
178 41 3
179 26 2
180 99 3
181 120 1
182 95 3
183 113 4
184 40 3
185 57 5
186 103 3
187 49 5
188 27 2
189 33 2
190 60 2
191 67 3
192 107 1
193 35 5
194 59 5
195 45 4
196 113 3
197 41 2
198 86 1
199 110 3
