10
0 24 5
1 106 5
2 110 3
3 80 4
4 69 1
5 91 2
6 44 5
7 110 3
8 111 1
9 31 5
10 100 4
11 40 3
12 44 3
13 47 4
14 108 4
15 113 4
16 76 1
17 115 3
18 24 3
19 116 1
20 49 4
21 64 1
22 82 2
23 71 4
24 87 3
25 24 3
26 68 3
27 55 1
28 110 2
29 66 5
30 24 3
31 78 4
32 36 1
33 114 4
34 23 2
35 40 5
36 67 2
37 23 1
38 101 5
39 102 5
40 57 1
41 110 4
42 63 2
43 57 4
44 97 5
45 75 5
46 115 2
47 26 3
48 67 4
49 96 2
50 92 1
51 117 2
52 91 2
53 51 5
54 75 5
55 120 3
56 80 2
57 106 1
58 66 4
59 110 1
60 100 1
61 60 4
62 47 5
63 114 5
64 25 1
65 25 2
66 95 3
67 100 5
68 50 2
69 27 2
70 27 3
71 117 4
72 109 1
73 118 4
74 71 4
75 99 5
76 56 1
77 60 1
78 32 4
79 101 3
80 49 1
81 38 1
82 41 5
83 58 1
84 112 4
85 85 3
86 34 3
87 103 1
88 61 4
89 81 5
90 64 2
91 99 2
92 41 1
93 98 5
94 45 1
95 73 2
96 113 2
97 55 5
98 101 5
99 93 1
100 74 4
101 46 1
102 22 4
103 45 4
104 56 5
105 105 3
106 89 4
107 31 4
108 64 4
109 119 5
110 40 1
111 35 1
112 94 3
113 44 5
114 98 5
115 97 2
116 101 4
117 53 3
118 60 1
119 89 4
120 68 1
121 63 4
122 56 2
123 43 1
124 27 2
125 87 4
126 74 4
127 49 3
128 52 2
129 102 3
130 113 4
131 56 2
132 31 2
133 33 2
134 113 3
135 48 4
136 33 4
137 81 2
138 107 5
139 41 1
140 47 4
141 45 2
142 43 2
143 64 2
144 40 2
145 55 5
146 42 5
147 24 5
148 56 1
149 75 4
150 116 3
151 68 4
152 57 2
153 108 4
154 107 2
155 120 5
156 98 1
157 54 5
158 70 1
159 68 1
160 76 4
161 67 2
162 29 1
163 40 5
164 82 5
165 43 2
166 89 2
167 55 1
168 62 2
169 94 3
170 67 5
171 113 4
172 72 1
173 24 4
174 61 4
175 49 2
176 100 3
177 118 2
178 69 2
179 23 4
180 21 4
181 28 5
182 105 2
183 50 4
184 66 1
185 120 3
186 83 3
187 99 5
188 27 2
189 44 2
190 58 1
191 117 2
192 97 3
193 112 1
194 95 3
195 49 4
196 66 2
197 70 4
198 78 4
199 78 1
