5
0 48 3
1 28 5
2 2 5
3 42 4
4 2 3
5 10 1
6 14 4
7 23 1
8 15 3
9 31 1
10 17 4
11 2 4
12 49 2
13 45 1
14 19 1
15 15 5
16 43 2
17 21 4
18 2 1
19 27 2
20 24 1
21 31 1
22 27 3
23 17 4
24 20 4
25 42 5
26 37 4
27 27 5
28 10 3
29 15 4
30 9 1
31 24 2
32 4 1
33 36 2
34 18 5
35 9 3
36 28 2
37 31 3
38 25 5
39 6 1
40 18 5
41 28 5
42 18 5
43 31 1
44 24 5
45 34 1
46 27 4
47 13 5
48 29 3
49 3 2
50 23 5
51 33 5
52 8 1
53 18 5
54 6 5
55 47 5
56 16 3
57 38 2
58 18 2
59 39 3
60 8 4
61 41 4
62 12 3
63 32 3
64 30 4
65 39 3
66 7 4
67 40 4
68 27 3
69 39 2
70 29 1
71 46 2
72 49 5
73 6 2
74 17 4
75 39 4
76 11 2
77 17 2
78 36 3
79 19 5
80 49 2
81 22 1
82 12 3
83 14 5
84 39 4
85 2 3
86 4 5
87 39 3
88 18 3
89 2 5
90 15 2
91 9 4
92 48 3
93 11 5
94 18 4
95 44 3
96 17 5
97 48 4
98 29 2
99 33 2
100 45 2
101 13 1
102 20 3
103 7 5
104 27 1
105 43 5
106 22 1
107 32 1
108 24 1
109 2 3
110 27 2
111 39 3
112 36 3
113 29 3
114 10 5
115 22 4
116 47 4
117 20 3
118 21 1
119 27 2
120 26 4
121 24 1
122 13 4
123 12 2
124 38 3
125 26 3
126 13 3
127 44 1
128 12 4
129 27 5
130 14 2
131 5 2
132 45 2
133 46 2
134 44 5
135 22 3
136 10 3
137 14 2
138 46 2
139 12 2
140 26 1
141 32 4
142 26 5
143 4 5
144 5 3
145 47 5
146 7 2
147 45 4
148 25 5
149 37 5
150 49 1
151 20 2
152 30 1
153 15 5
154 11 4
155 41 2
156 34 2
157 13 4
158 27 5
159 15 5
160 31 3
161 16 2
162 25 2
163 21 2
164 9 3
165 11 2
166 9 4
167 41 4
168 41 5
169 18 4
170 4 5
171 29 5
172 13 2
173 34 4
174 43 2
175 5 2
176 10 2
177 9 5
178 18 4
179 10 1
180 1 4
181 49 3
182 48 4
183 39 1
184 27 2
185 26 4
186 22 5
187 28 4
188 46 3
189 32 2
190 23 4
191 34 5
192 30 3
193 25 1
194 20 4
195 20 1
196 28 4
197 26 5
198 6 1
199 3 3
200 23 3
201 17 1
202 38 2
203 31 5
204 39 5
205 27 4
206 40 2
207 16 4
208 32 5
209 3 4
210 27 3
211 23 3
212 36 5
213 1 4
214 6 4
215 33 3
216 4 5
217 25 1
218 23 3
219 13 4
220 15 5
221 42 1
222 30 1
223 3 3
224 41 2
225 38 2
226 39 4
227 31 2
228 42 5
229 23 3
230 4 3
231 49 2
232 26 2
233 10 3
234 21 5
235 20 4
236 48 5
237 19 3
238 25 4
239 7 3
240 34 2
241 29 3
242 47 4
243 37 1
244 22 5
245 43 4
246 39 4
247 2 4
248 8 2
249 2 1
250 39 5
251 23 1
252 48 1
253 19 1
254 27 1
255 9 3
256 8 3
257 32 3
258 41 5
259 1 1
260 12 4
261 27 1
262 38 1
263 2 5
264 39 3
265 4 2
266 34 4
267 41 3
268 22 2
269 27 3
270 27 2
271 41 5
272 5 2
273 21 2
274 12 5
275 44 4
276 20 3
277 34 4
278 9 1
279 15 4
280 10 2
281 22 3
282 14 5
283 13 5
284 5 1
285 47 3
286 15 2
287 8 1
288 17 3
289 47 3
290 38 1
291 37 4
292 10 3
293 49 3
294 44 1
295 24 1
296 30 2
297 13 2
298 22 4
299 35 1
300 33 4
301 28 1
302 21 5
303 42 4
304 34 1
305 32 3
306 42 2
307 7 3
308 6 1
309 27 4
310 43 3
311 39 2
312 25 2
313 24 1
314 41 4
315 20 2
316 28 5
317 21 2
318 20 5
319 29 5
320 10 3
321 27 5
322 21 4
323 43 3
324 8 3
325 33 1
326 3 4
327 15 4
328 1 5
329 24 5
330 41 2
331 32 5
332 25 3
333 19 1
334 42 2
335 49 3
336 23 4
337 22 5
338 42 3
339 5 3
340 25 1
341 42 1
342 5 2
343 8 2
344 48 3
345 13 4
346 10 5
347 29 5
348 10 5
349 50 5
350 2 5
351 17 4
352 6 5
353 20 2
354 50 3
355 19 5
356 27 2
357 47 4
358 15 1
359 22 5
360 43 2
361 35 1
362 39 5
363 11 2
364 21 2
365 28 1
366 7 3
367 17 2
368 22 2
369 49 3
370 49 2
371 32 3
372 8 4
373 13 2
374 47 4
375 10 1
376 29 2
377 14 1
378 23 3
379 42 3
380 27 1
381 37 3
382 11 2
383 29 2
384 49 2
385 49 2
386 24 3
387 50 5
388 43 1
389 19 3
390 12 4
391 22 4
392 28 2
393 15 1
394 34 5
395 32 5
396 43 4
397 48 5
398 12 2
399 37 4
400 9 4
401 49 4
402 6 3
403 30 2
404 37 5
405 36 2
406 2 5
407 5 2
408 15 1
409 28 5
410 33 1
411 2 4
412 46 4
413 14 4
414 48 5
415 23 5
416 2 4
417 49 3
418 6 1
419 10 4
420 1 1
421 24 5
422 8 2
423 23 4
424 38 4
425 41 4
426 2 1
427 5 4
428 44 4
429 47 4
430 11 1
431 19 5
432 39 3
433 44 4
434 4 1
435 31 2
436 23 1
437 21 5
438 40 5
439 5 2
440 10 1
441 47 3
442 22 2
443 35 4
444 10 1
445 16 3
446 7 3
447 38 5
448 6 5
449 39 5
450 23 4
451 32 2
452 20 1
453 38 1
454 42 2
455 17 3
456 46 4
457 45 3
458 21 2
459 16 2
460 15 5
461 8 5
462 26 2
463 40 2
464 48 3
465 28 1
466 29 3
467 18 2
468 5 3
469 39 3
470 29 5
471 33 4
472 39 1
473 40 4
474 37 5
475 18 5
476 8 5
477 3 1
478 30 4
479 48 3
480 49 4
481 46 4
482 43 5
483 14 1
484 36 1
485 8 4
486 25 2
487 47 2
488 8 2
489 21 3
490 48 5
491 14 3
492 1 1
493 37 3
494 18 4
495 48 1
496 24 4
497 3 2
498 36 5
499 35 2
500 20 3
501 3 3
502 7 3
503 13 4
504 12 2
505 38 3
506 3 4
507 42 2
508 39 2
509 20 2
510 45 3
