6
0 3 5
1 6 5
2 5 3
3 8 1
4 16 4
5 25 3
6 4 2
7 21 5
8 20 4
9 1 3
10 20 3
11 17 3
12 7 2
13 26 1
14 23 3
15 6 3
16 9 3
17 30 2
18 1 2
19 18 5
20 13 4
21 17 5
22 5 4
23 25 2
24 22 4
25 14 4
26 23 3
27 20 1
28 11 3
29 6 2
30 24 2
31 15 5
32 7 1
33 7 4
34 13 1
35 27 3
36 16 4
37 27 1
38 13 5
39 12 1
40 11 5
41 26 4
42 10 3
43 29 1
44 29 3
45 26 2
46 11 5
47 22 3
48 7 5
49 6 4
50 26 3
51 21 2
52 9 2
53 19 2
54 5 4
55 11 5
56 29 4
57 10 3
58 11 1
59 8 3
60 6 2
61 18 5
62 24 4
63 29 3
64 9 5
65 3 4
66 7 3
67 7 4
68 1 1
69 1 2
70 2 3
71 23 5
72 14 1
73 30 1
74 8 4
75 20 4
76 28 5
77 20 4
78 19 4
79 19 1
80 30 3
81 21 4
82 9 2
83 4 4
84 18 2
85 20 5
86 11 5
87 29 4
88 30 5
89 8 2
90 8 2
91 22 4
92 18 4
93 24 4
94 12 5
95 16 3
96 21 4
97 2 4
98 11 4
99 22 3
100 1 5
101 26 1
102 2 2
103 22 2
104 2 4
105 26 4
106 14 3
107 11 2
108 4 4
109 9 3
110 28 5
111 3 1
112 19 1
113 13 5
114 15 2
115 8 4
116 29 3
117 18 5
118 23 2
119 24 3
