6
0 1 1
1 22 3
2 19 3
3 19 5
4 10 4
5 7 3
6 14 3
7 13 5
8 12 5
9 2 5
10 26 2
11 2 1
12 3 4
13 21 2
14 3 4
15 10 4
16 7 3
17 9 2
18 14 1
19 1 2
20 1 4
21 3 2
22 9 3
23 11 3
24 23 4
25 2 2
26 12 4
27 2 5
28 18 4
29 27 4
30 18 4
31 30 3
32 19 1
33 12 2
34 23 4
35 29 4
36 11 5
37 28 5
38 10 2
39 28 4
40 21 3
41 3 2
42 20 1
43 19 1
44 3 2
45 25 1
46 9 1
47 10 2
48 4 3
49 27 1
50 2 5
51 28 5
52 16 1
53 4 3
54 26 4
55 17 4
56 5 5
57 13 2
58 19 2
59 10 5
60 8 5
61 8 4
62 14 4
63 10 5
64 29 4
65 13 1
66 1 4
67 10 1
68 23 4
69 24 4
70 8 5
71 20 1
72 28 3
73 4 1
74 16 1
75 14 5
76 10 5
77 2 4
78 8 5
79 27 3
80 4 3
81 24 5
82 8 4
83 2 4
84 1 4
85 20 2
86 19 2
87 4 3
88 3 2
89 6 1
90 6 4
91 11 1
92 20 2
93 28 1
94 17 4
95 30 1
96 4 1
97 18 5
98 25 4
99 16 1
100 28 2
101 11 5
102 19 4
103 25 2
104 26 2
105 20 1
106 3 4
107 23 5
108 15 3
109 20 3
110 1 4
111 24 4
112 26 4
113 27 1
114 20 3
115 27 2
116 16 1
117 30 1
118 11 2
119 1 3
